1
100
10004
100049587
10011
100126297
100131303
100131814
100132396
100169760
10025
100287178
100287513
100288142
100289087
100293516
100302142
100526783
10054
10061
100616340
100616452
10066
100775105
100847052
100996648
10100
10107
10120
10129
10130
10134
10138
10156
10159
10208
10215
10229
10248
10255
10261
102723631
102724127
102724652
102725138
10276
10293
10297
10302
10319
10324
10327
10370
10393
10403
10444
10449
10473
10492
10498
10517
10522
105375355
10539
10562
10566
10569
10574
10580
10622
10623
10630
10643
10654
10655
10658
10663
10741
10744
10752
10771
10776
10781
107987373
10800
10801
10818
10845
10856
10890
10891
10897
10916
10917
10922
10942
10949
10950
10953
11021
11027
11033
11034
11037
11040
11046
11057
11061
11064
11067
11072
11075
11076
11082
11103
11119
11131
11136
11211
11234
11237
112487
11250
11251
11267
11279
113
11315
11319
113451
113655
113835
116236
116328
116449
118
118663
119587
119692
120237
123879
124245
125704
130
136
146
150
152503
153129
153396
153562
154043
158135
159963
161198
161394
162517
162681
166348
1666
166647
167
167153
167838
168400
168455
169270
169841
170062
171389
171568
176
199
199704
199834
2
200010
200172
2002
201163
201514
202
202018
202151
202500
202915
213
216
220047
220388
221154
221692
22796
22806
22823
22869
22876
22880
22889
22901
22931
22934
22938
23015
23019
23031
23042
23086
23094
23097
23102
23108
23112
23116
23141
23154
23189
23218
23310
23332
23382
23390
23399
23415
23420
23435
23446
23461
23478
23503
23515
23516
23519
23527
23531
23534
23544
23548
23559
23568
23623
23643
23646
23649
23676
23682
23741
23753
23768
24137
24148
245932
248
252839
252995
253190
253769
255220
255275
255738
255783
255967
25791
25799
25900
259215
259289
25929
259293
25956
26005
26010
26019
26027
26036
26045
26046
26230
26248
26253
26258
26280
26330
26333
271
277
278
280636
282770
282890
283208
283365
283869
284098
284111
284361
284459
284486
284541
284612
285368
285429
285613
286
286319
286380
286527
288
30
302
317761
318
321
329
33
337963
337974
339291
339327
340390
341418
342977
344805
346
346528
347168
351
353140
353143
355
358
374
374877
374897
375298
377841
38
381
384
386618
386684
387496
388419
388512
388555
389
389152
389333
389432
389677
390148
390259
390265
390441
390648
391
391002
393046
399512
400073
400765
400935
401
401666
402117
406912
406927
406938
406980
406999
407003
407013
407019
407042
407050
408029
414301
432
440699
440822
441024
441272
442185
442197
442890
443
444
47
473
493818
496
514
522
529
53
554
55695
55763
55785
55800
55884
55902
55915
55922
55937
55973
55998
56052
56114
56128
56180
56242
56261
563
56311
56616
56832
56882
56897
56901
56905
56911
56915
56919
56929
56936
56986
56997
57017
57045
57099
57126
57130
57179
57402
574408
574414
574450
574467
57534
57569
57573
57583
57614
57636
57644
57700
57706
57716
57821
57834
58191
58489
58503
587
619552
619556
622
629
632
64110
64122
64324
645191
64663
64718
64754
64983
653275
654346
655
65975
65982
66037
663
668
673
680
7201
7251
7267
727940
728379
7284
728498
728591
729230
729330
729408
729582
729944
729993
7325
7329
7350
7361
7363
7368
7369
7381
7405
7415
7422
7424
7430
7439
7443
7448
7455
7464
7478
7511
7529
7543
7576
7626
7629
768222
7709
7727
7733
7745
7757
7762
7768
7773
7789
7805
7827
7844
7857
7871
7874
79000
79025
79053
79075
79083
79092
79097
79148
7916
79366
79568
79586
79642
79651
79661
79727
79736
79751
79763
79792
79803
79862
79897
79902
79918
79922
79960
80218
80223
80271
80301
8036
80818
8087
8099
8100
81328
8140
81406
81539
81554
81617
81669
81851
8202
8226
8273
8318
8334
8339
83394
83440
8349
8350
8356
83590
83695
83699
83756
83854
83871
8390
83953
83990
84000
84061
84281
84290
84295
84300
84432
8444
84458
8449
8450
8462
84689
84798
84894
8490
84909
84919
84924
84940
8496
85016
8514
8514
8515
85294
85365
85450
8651
8685
8690
87
8708
8718
8722
8726
8738
8741
8749
8756
8774
8778
8785
8789
8793
8800
8803
8815
8819
8831
8834
8837
8848
8856
8859
8880
8883
8927
8968
89781
8993
8997
9031
9044
9048
9054
9057
9066
90736
9079
90835
9091
9119
9122
9126
9129
9140
9145
9148
9153
91612
91664
9167
9181
91869
9189
92
9242
9253
9262
9266
9288
9293
92935
92979
93134
93408
93550
9374
9378
9390
9397
94025
94032
9415
9436
9440
9450
9456
9464
9465
9473
9489
95
9519
9527
9535
9573
9581
9590
9611
9612
9618
9622
9629
9683
9694
9697
9746
9750
9757
9766
9784
9793
9807
9819
9824
9831
9837
9851
9900
9901
9904
9907
9912
9917
9920
9928
9933
9958
9976
9990
9994
100037417
10007
10010
100101629
100124696
100126315
100126318
100126325
100126338
100126345
100128569
100129216
100129385
100130361
100130613
100130890
100131137
100131244
100131378
100131439
100131539
100131755
100131897
100131980
100132304
100132406
100132463
100132911
100132963
100133053
100133251
100133267
100133301
100134444
100137047
100141515
100142659
100169751
100169754
100169759
100169763
100169767
100170765
100170841
100188856
100188893
100191040
1002
10021
100216344
100271837
100271846
100272147
100287205
100287284
100287327
100287404
100287441
100287478
100288332
100288485
100288687
100288797
100293534
100302115
100302145
100302150
100302168
100302183
100313781
100313923
100359403
100423009
10045
100463487
100505679
100505876
100506049
100506127
100506243
100506248
100506736
100507096
100507170
100507290
100507421
100507588
100507607
100526693
100526835
100527964
100528017
100528030
100533177
10058
100616150
100616256
100616258
100616394
100616403
100616414
100616459
100616477
100616496
100631383
100652824
100653049
10069
10078
10081
100820829
100847070
100847079
10086
100862671
100885848
100885850
10092
10094
10096
100996331
100996709
100996746
100996763
100996928
100996939
10103
10106
101060321
101060521
10110
10128
10153
10175
10179
10181
10186
101929926
10193
10196
10198
102
10200
10202
10204
10211
10221
10226
10233
10235
10243
10244
102464826
102465429
102465454
102465524
102465667
102466194
102466658
10252
10265
10270
102723655
102723859
102724101
102724488
102724594
10285
10289
10296
10300
10309
10314
10316
10322
10333
10343
103753527
10388
10407
10411
10412
10435
10439
10452
10454
10458
10459
10463
10472
10476
10479
10489
10501
10507
10513
10527
10529
10531
10536
105369241
105370298
105371242
105377641
105378803
105379765
105379861
10542
10553
10556
10560
10579
10585
10587
10591
10598
10611
10614
10615
10626
10633
10647
10661
10666
10672
10678
106821730
10687
10691
10695
107
10712
10714
10716
107181291
1072
10721
10728
10730
10739
10766
10775
10785
10791
10797
107984055
107987462
107987488
107987490
107987491
10814
10815
10826
10840
10876
10880
10881
10882
10886
10904
10921
10926
10933
10935
10946
109580095
10961
10971
10975
10980
10989
10991
11007
11012
11014
11016
11079
11085
11093
11095
11097
11099
11101
11107
11123
11127
11128
11135
11144
11148
11153
11161
11162
11164
11171
11173
11180
11184
11189
11194
112
11200
11221
11226
11230
11243
112464
112495
11254
112574
112609
11272
11275
112752
112817
112885
112942
112950
113000
113026
113091
113177
113178
11318
113189
113201
113235
113246
113277
113278
11328
11330
11340
113419
113540
113612
113746
113791
113802
113829
114049
1141
114134
114294
1143
114327
114571
114625
114757
114769
114780
114784
114785
114790
114792
114793
114794
114801
114803
114814
114815
114818
114823
114824
114827
114879
114881
114882
114885
114902
114907
114908
114971
1152
115361
115426
115701
115992
116071
116085
116211
116225
116228
116255
116285
116362
116369
116442
116461
116496
116512
116535
116541
116843
116983
116984
116985
116986
116988
117
117154
117155
117157
117159
117177
117195
117289
118426
118460
118490
118670
118672
118856
118924
118932
118980
118987
119016
119391
119392
119467
119504
119548
119679
119710
119749
119772
119774
120103
120224
1203
120406
120526
120534
120793
121260
121391
122042
122618
122665
123096
123207
123688
123904
123920
123970
124044
124093
124152
124220
124402
124404
124411
124454
124512
124538
124590
124626
124641
124751
124783
124790
124817
124961
125
125111
125206
125228
126
126074
126075
126119
126123
126133
126231
126295
126308
126326
126353
126374
126382
126402
126541
126549
126626
126668
126695
126767
126792
126820
126917
127002
127059
127074
127077
127247
127255
127281
127396
127495
127550
127579
127617
127795
127829
127933
128
128061
128153
128218
128239
128308
128360
128368
128372
128408
128821
128866
128989
129049
129303
129446
129531
129607
129685
129868
129880
130013
1301
130120
130340
130399
130507
130574
130576
130612
130617
130733
130813
130827
130940
130951
131
1311
131118
131177
131368
131405
131408
131450
131566
131578
131601
131669
1317
131890
132014
132112
132204
132332
132430
132612
132625
132720
132949
132989
133060
133383
133396
133418
133482
133558
133584
133686
133690
133957
1340
134111
134187
134265
134285
134353
134391
134430
134526
134549
134701
134860
1350
135152
135250
135458
135924
135932
135941
135948
136242
136263
136288
136371
136991
137196
137362
137682
137735
137797
137835
137872
137902
1380
138199
138240
138255
138307
1384
138428
138805
139105
139189
139231
139341
139411
139599
139735
139793
1400
140597
140609
142
1423
142891
142910
142940
143187
1442
144809
145173
145226
145376
145407
145447
145483
145645
145748
145773
145781
145853
145942
146059
146167
146183
146206
146279
146378
146429
146439
146542
146562
146691
146722
146723
146802
146849
146852
146861
146894
147011
147040
147138
147183
147463
147495
147645
147650
147658
147664
148156
148206
148223
148252
148304
148398
148423
148581
148738
148789
148811
148823
148930
148932
149013
149018
149069
149175
149461
149478
1497
149954
150082
150274
150297
150368
150483
150684
150921
151056
151188
1512
151242
151295
151525
151742
151887
152206
152573
152579
152586
153201
153222
153241
153328
153339
153643
153657
153830
153918
1540
154141
154150
154313
154661
154664
154791
154796
154807
154872
1549
154907
155038
155051
155061
155184
155185
155368
155435
155465
1558
157285
157378
157567
157574
157680
157695
157697
157724
157753
157769
157773
157848
157869
157983
158038
158067
158078
158158
158219
158293
158314
158326
158358
158427
158511
158584
158586
1586
158747
158787
158800
158809
158833
158835
158866
159013
159090
159091
159119
159195
160065
160298
160364
160419
160428
160518
160762
160777
1608
160851
160897
161003
161142
161253
161291
161497
161502
161725
161742
161753
161829
161835
161931
162
162073
162239
162333
162387
162417
162427
162461
162466
162605
162963
162966
162972
162998
163
163071
163154
163227
163479
164153
164284
164312
164592
164633
164668
164781
165055
165082
165100
165545
165631
165829
165904
166012
166378
166379
166785
166815
166863
166929
166979
167359
167555
167691
168374
168433
168537
168667
168975
169026
169436
169611
169714
169792
169981
170302
170370
170371
170384
170394
170463
170487
170506
170575
170589
170591
170626
170627
170685
170689
170692
170712
170850
170959
170960
171019
171023
171169
171392
171483
171546
171586
173
1741
1755
1806
1816
182
185
1857
1871
189
1896
19
192134
192666
192683
1958
196051
196335
196403
196472
196475
196483
196500
196513
196740
196993
196996
197
197131
197135
197259
197320
197322
197342
197358
197407
199692
199720
199745
199777
199964
199974
20
200008
200132
200159
200205
200373
200403
200407
200424
200504
200634
2010
201140
201164
201176
201229
201283
201294
201305
201456
201562
201625
201626
201725
201798
201895
201931
202052
202309
202559
203
203068
203069
203102
203111
203228
203413
203522
2045
204851
2050
205717
207
207063
208
21
212
2138
2177
2187
219428
219431
219432
219453
219487
219541
219623
219699
219736
219738
219793
219833
219844
219858
219865
219869
219874
219875
219902
219931
219957
220032
220064
220081
220107
220134
220296
220359
220869
220965
220979
220988
221002
221044
221061
221074
221091
221120
221188
221223
221301
221322
221391
221395
221400
221472
221477
221481
221491
221527
221613
221656
221710
221833
221927
221938
221955
222
222008
222183
222194
222223
222235
222236
222255
222256
222546
222584
222611
222865
223075
2232
22803
22809
22820
22836
22846
22854
22856
2286
22861
22863
22865
22872
22883
22884
22888
2289
22899
22905
22908
22909
22918
22920
22948
22950
22954
22978
22979
22987
2299
22990
22995
22997
23
23007
23011
23014
23035
23047
23062
23067
23071
23074
23078
23080
23090
23093
23111
23126
23133
23144
23149
23160
23166
2317
23178
23180
23184
23187
23192
23196
23197
23205
23208
23217
23219
23223
23232
23234
23236
23239
23244
23246
23248
23251
23258
23265
23271
2328
23309
2332
23322
23339
23345
23347
23349
23352
23357
23368
23369
23385
23400
23411
23424
23430
23433
23443
23452
23460
23464
23474
23481
23495
23506
23509
23522
23530
23547
23549
23552
23557
23563
23583
23588
23594
23597
23601
23607
23619
23639
23645
23657
23658
23784
23788
239
24
24144
242
245908
245913
245927
245928
245934
245972
246184
246721
246777
247
25
252969
253012
253152
253430
253461
253558
253639
253650
253782
253827
253935
254050
254158
254228
254827
255043
255231
255252
255394
255520
255758
255762
255798
256006
256051
256076
256126
256144
256356
256471
256646
256815
256979
257240
257407
257415
25777
25788
25802
25805
25813
25816
25818
25820
25822
25824
25827
25829
25840
25843
25850
25853
25855
25864
25885
25891
25895
25907
25913
25915
25917
259173
25923
259236
259240
259249
25928
259282
259283
259287
259294
25930
259307
25939
25940
25960
25970
25973
25977
25978
25979
25981
25987
25994
26003
26015
26039
260425
260436
26053
26085
26088
26091
26095
26097
26098
26100
26108
26118
26121
26133
26146
26150
26152
26153
26154
26156
26160
26167
261734
26211
26266
26272
26292
26353
265
266553
266629
266727
266743
266747
267
267002
267010
267020
2683
27
2784
279
28
282617
282618
282809
282969
282991
283008
283092
283106
283116
283120
283149
283150
283171
283219
283232
283254
283310
283373
283377
283464
283578
283629
283742
283848
283849
283897
283933
283951
283987
283989
283991
2840
284001
284013
284018
284040
284058
284067
284069
284083
284106
284129
284161
284194
284207
284217
284266
284273
284274
284312
284352
284366
284369
284371
284403
284422
284467
284498
284521
284611
284613
284656
284695
284723
284739
284756
284904
284948
284992
285025
285051
285093
285141
285148
285193
285195
285220
285237
285267
285268
285313
285315
285335
285349
285381
285382
285440
285464
285489
285498
285527
285556
285588
285598
285601
285605
285668
285672
285704
285800
285855
285971
286053
286204
286223
286336
286343
286436
286451
286514
286530
286826
2894
29
3030
306
307
308
3099
310
3110
3136
3176
317703
317705
317749
317762
317772
317781
319100
32
326340
326624
326625
3267
327657
3290
3306
332
333926
3347
337880
337959
337967
337969
337970
337972
337973
337978
337979
337985
338
3385
338596
338661
338879
339
339105
339123
339184
339210
339229
339263
339318
339345
339390
339448
339451
339669
339779
339804
339906
339976
340069
340120
340152
340156
340204
340267
340273
340307
340348
340371
340393
340485
340527
340542
340554
340578
340596
340654
340719
340745
340784
341116
341152
341276
341359
341405
341416
341640
341799
341880
342035
342096
342372
342909
342945
342979
343099
343171
343263
343472
343563
343578
343930
343990
344
344167
344657
344658
344838
344901
345274
345651
345930
346171
346288
346389
346525
346606
346653
346673
347240
347252
347344
347411
347454
347902
348158
348180
348807
348932
348980
349667
35
352954
353088
353133
353141
353142
353149
353174
353189
353288
353299
353515
3579
3587
359
359845
359948
36
360023
360030
360203
360205
361
362
3643
3658
367
3672
368
3681
37
3702
3710
372
3732
3737
373863
3743
374786
374860
374882
374887
374900
374918
374928
374946
375033
375189
375190
375248
375341
375704
375743
375748
375757
375775
375791
376497
376940
377630
378708
378925
378938
378948
378949
378950
379
386676
386677
386678
386679
386681
387032
387082
387104
387119
387129
387264
387267
387273
387338
387695
387712
388121
388272
388284
388325
388327
388336
388372
388389
388468
388536
388551
388552
388581
388585
388591
388611
388633
388646
388662
388677
388695
388730
388795
388818
388820
388931
388946
388951
388962
388969
389015
389072
389073
389090
389114
389118
389136
389161
389170
389177
3892
389206
389207
389421
389434
389541
389558
389643
389649
389761
389762
389766
389856
389860
389941
390010
390038
390054
390058
390059
390063
390066
390110
390154
390167
390168
390174
390190
390195
390199
390212
390243
390271
390323
390327
390431
390432
390437
390538
390594
390616
390790
390928
391003
391004
391013
391051
391059
391107
391123
391253
3914
392197
392465
392490
392617
399
3991
399473
399474
399665
399687
399726
399818
399909
399948
399968
399979
400165
400224
400359
400410
400500
400506
400569
400581
400591
400668
400673
400713
400746
400830
400831
400891
400954
401036
401262
401285
401387
401427
401447
401466
401505
401551
401562
401663
401944
401973
402135
403253
403282
403339
404217
404636
405
4060
406884
406894
406902
406907
406913
406914
406915
406917
406921
406923
406924
406931
406932
406942
406946
406949
406951
406952
406954
406956
406957
406960
406962
406969
406971
406976
406977
406983
406984
406985
406987
406988
406989
406992
406994
406995
407000
407004
407007
407008
407011
407014
407017
407021
407024
407025
407026
407043
407044
407046
407048
407049
407054
407055
407738
407975
408050
408263
4099
411
4129
414060
414149
414152
414325
414886
414918
4189
427
4284
4296
4326
433
439921
439996
440068
440097
440163
440387
440590
440689
440695
440804
440823
440915
440955
441027
441061
441273
441282
441294
441425
441430
441476
441518
441519
441531
441581
441873
442038
442179
442184
442213
442247
442425
442444
442590
442721
442867
442892
442895
442906
444882
448835
4489
4539
4616
463
466
467
4676
471
4719
472
4723
4725
478
4796
48
481
4838
4851
488
49
4921
492307
492311
4926
493
493856
493860
493861
4939
493911
494115
494119
494143
494188
494197
494325
494328
494329
494330
494335
494336
4951
4956
497190
4974
4987
50
5002
5007
5028
503497
503582
503618
503834
504189
51074
5121
5160
5164
517
51734
51738
51742
51755
51760
51762
51764
51773
51778
51806
51809
5187
5190
52
521
526
5316
5333
53336
53340
53342
53344
53346
53353
53371
534
53405
535
5351
53632
53635
537
5372
53820
53822
53826
53827
53828
53832
53834
53836
53840
53904
53905
53916
53918
53940
53944
54
54020
54097
54106
54107
5413
541468
54148
54165
54205
54209
54212
54221
54332
54344
54346
54363
54407
54414
54454
54455
54458
54460
54465
5447
54470
54472
54476
54478
54482
54490
54492
54496
54498
54499
545
54504
54509
54512
54516
54518
54529
54531
54534
54535
54537
54538
54540
54543
54549
54550
54552
54555
54557
54575
54578
54600
54606
54620
54622
54625
54627
54659
54665
54675
54715
54726
54733
54738
54741
54749
54753
54762
54763
54769
54777
54785
54790
54797
54799
54801
54805
54807
54809
54813
54814
54819
54828
54831
548313
54839
54843
54847
54849
54851
54857
54859
54863
54865
54867
54869
54875
54878
54880
54882
54884
54900
54902
54926
54927
54929
54930
54932
54936
54938
54943
54947
54951
54952
54954
54974
550631
5509
55144
55145
55146
55147
55150
55151
55157
55159
55161
55165
55171
55172
55176
55181
55183
55188
55190
55191
55195
55197
552
55200
55203
55207
55209
55211
55214
55215
55218
55220
55223
55225
55229
55230
55234
55237
55244
55246
55247
55250
55252
55254
55276
55279
55319
55320
55321
55325
55326
55329
55331
55334
55336
55341
55343
55346
55349
55351
55353
55357
55362
55366
554213
55422
55423
55435
55437
55450
5546
5549
55502
55527
55532
55544
55567
55576
55585
55604
55610
55615
55620
55624
55629
55634
55640
55650
55654
55669
55676
5568
55683
55684
55687
55692
55697
55699
55701
55706
55714
55719
55722
55727
55728
55729
55731
55733
55737
55744
55749
55750
55752
55754
55755
55757
55759
55760
55765
55766
55769
55771
55775
55778
55780
55787
55789
55790
55794
55795
558
55802
55805
55808
55810
55811
55814
55815
55819
55821
55825
55827
55831
55833
55835
55841
55844
55845
55848
55850
55851
55852
55857
55858
55859
55861
55862
55867
55870
55872
55876
55889
55890
55892
55894
55897
55900
55901
55904
55907
55908
55911
55917
55929
55958
55959
55964
55968
55969
55970
56000
56005
56033
56062
56098
56102
56104
56105
56106
56107
56109
56110
56112
56121
56122
56125
56126
56136
56141
56156
56160
56181
56241
56244
56247
56254
56256
56259
56265
56270
56287
56288
56341
56413
56478
56479
56548
56605
56647
56648
56649
56655
56656
56659
56660
56672
56674
56676
56681
56683
56729
56776
5681
56848
56849
56850
56852
56888
56889
56890
56893
56894
56900
56907
56913
5692
56924
56925
56938
56941
56944
56945
56946
56947
56949
56952
56956
56965
56975
56987
56992
56993
56995
56999
57003
57019
57020
57030
57037
57053
57054
57057
57061
57084
57085
57088
57091
57093
57095
57096
57101
57103
57104
57106
57109
57111
57113
57115
57119
57120
57122
57127
57129
57140
57152
57158
57180
57186
5719
57194
57198
572
57205
57209
57211
57212
57215
57217
57222
57223
57226
57228
57231
57232
57292
573
57309
57325
57332
57333
57335
57337
57338
57343
57348
57380
57396
574016
574031
574034
57404
57407
57419
574411
574436
574441
574445
574452
574455
574457
574493
574511
574537
57463
57472
57478
57493
57496
57521
57526
57529
57531
57532
57537
57538
57540
57542
57559
57570
57571
57576
57577
57578
57584
57585
57589
57591
57593
57594
57596
57608
57609
57611
57615
57616
57617
57621
57622
57623
57630
57639
57642
57647
57650
57666
57669
57673
57674
57678
57679
57680
57689
57693
57695
57696
57698
57699
577
57703
57707
57728
57798
57801
57822
57823
57827
57830
57835
5786
57862
57876
581
58157
58189
58472
58475
58485
58487
58493
58494
58495
58497
58498
58508
58513
58515
58524
58526
58527
58529
58538
5859
586
590
5901
59271
59283
59353
595
5959
6
6000
6035
60385
60436
60484
60526
60529
60561
60673
60677
60684
608
6095
6121
613037
613209
613210
613227
619189
6192
619279
619373
619554
6198
6204
623
624
627
63036
6336
6368
638
63892
63931
63934
63941
63950
63973
63974
63978
63979
640
64005
64061
64062
64066
64072
64073
64078
64081
64084
64087
64090
64094
64097
641
64102
64105
64112
64116
64129
64130
64131
64137
641371
64145
641455
64146
64149
64151
64167
64168
64175
64180
64207
64210
64211
64219
64222
64225
64241
642446
642612
642658
642799
64284
64288
6431
643155
64318
64320
643246
643596
643699
643854
64393
643965
643988
644070
64418
64423
64429
6443
64434
644353
644538
644994
645
645073
64518
645249
645414
645832
6461
646409
64645
64648
64693
646960
64708
647087
64710
647286
64744
64746
64750
64757
64759
64761
64762
64763
64766
64768
64769
64770
64776
64777
64781
64782
64783
64785
64787
64800
64806
6483
64839
64844
64847
64852
64853
64854
64863
64897
64919
64925
64926
64928
64946
64951
64960
64963
64976
650
65012
65018
65055
65056
65059
65062
65065
65094
65095
65110
65121
65122
65217
65243
65251
65258
653220
653282
653437
653486
653509
653545
653550
653604
653619
653656
654
654502
654790
657
659
6595
65981
65983
65986
65989
65999
66004
66008
6605
6614
6624
664616
671
6780
6812
682
6855
6911
692157
6928
693122
693213
693222
6939
7064
7090
7136
7185
7186
7222
7227
7234
723790
7258
7259
7262
7266
7272
727910
727936
728049
728062
728090
728096
728113
728116
728255
728343
728369
728395
728403
728405
728458
728577
728637
728642
728655
728695
7287
728712
728741
728858
7289
728929
728945
729020
729025
729059
729092
7291
729238
729250
729262
729264
7293
729355
729422
729428
729431
729438
729442
729515
729533
729597
729665
7297
729747
729857
729877
729967
730005
730087
730094
730249
730262
730755
7314
7318
7320
7324
7342
7358
7372
7374
7375
7376
7384
7385
7391
7396
7402
7410
7416
7423
7432
7454
7469
7472
7483
7484
7485
7499
751071
7512
7514
7518
7531
7536
7545
7547
7549
7556
7567
7568
7570
7584
7618
7625
7637
7639
767558
7681
768206
7692
7695
7702
7741
7753
7755
7767
7775
7780
7781
7786
780776
780853
7818
7832
7855
7879
78989
78994
79027
79031
79039
79047
7905
79056
79058
79078
79088
79109
7913
79132
79133
79135
79144
79147
79152
79155
79156
79157
79165
79168
79172
79192
7923
7932
79368
79369
79411
79413
79415
79442
79444
79465
79482
79501
79541
79544
79567
7957
79570
79572
79574
79582
79598
79602
79603
79611
79613
79616
79621
79626
79628
79629
79631
79633
79635
79637
79640
79644
79646
79647
7965
79650
79652
79656
79657
79660
79663
79665
79668
79670
79671
79675
79676
79677
79682
79684
79690
79696
79698
79703
79706
79709
7971
79710
79712
79713
79731
79733
79735
79747
79750
79752
79754
79755
79760
79768
79776
7978
79783
79785
79789
79794
79796
79798
79807
79810
79815
7982
79822
79823
79828
79830
79833
79837
79838
79846
79850
79852
79863
79866
79871
79876
79883
79884
79885
79886
79887
79894
79898
79899
79901
79912
79921
79923
79927
79930
7994
79948
79954
79957
79959
79961
79970
79974
79987
79991
79998
80005
80011
80018
80031
80032
80034
80045
80055
80063
80070
80071
80086
80095
80108
80110
80114
80115
80127
80145
80152
80164
80173
80195
80196
80199
80204
80205
80207
80210
80212
80213
80230
80231
80232
80233
80256
80263
80264
80267
80279
80304
80306
80308
80310
80312
80314
80317
80335
8038
80381
8061
80712
80725
80726
80745
80746
80757
80759
80760
80764
80776
80778
80789
8079
80790
80816
80821
80823
80831
80832
80835
8085
80854
80856
80864
80896
8091
81025
81029
81030
81127
81193
8120
81228
81282
81309
81318
81392
81442
81458
81469
81470
8148
81488
81491
81493
81502
8153
81532
81533
81544
81551
81555
81562
81566
81567
81569
81572
81573
81576
81578
81579
81605
81606
81608
81616
81618
81621
81622
81626
81629
8165
81688
81697
81793
81831
81832
81833
81847
81849
81858
81870
81872
81887
81888
81890
81892
8190
8192
81926
81928
81929
81930
820
8204
8233
8266
8270
8277
8290
8301
8322
8326
8328
8329
8331
8338
8341
83417
83443
83445
83446
83447
8345
83451
83463
83468
83478
83482
8353
83541
8358
83592
83595
8362
83637
8368
83698
83700
83706
83707
83714
83715
83723
83729
83734
83744
83752
83758
83759
83786
8379
8382
83850
83851
83858
83861
83873
83876
83878
83879
83886
83888
83890
83892
83893
83894
83930
83937
83942
83982
83986
83987
8399
83999
84002
84033
84057
84059
8406
84064
84065
84066
84068
84070
84073
84075
8412
84126
84140
84148
8416
84168
84174
84187
84210
84219
84220
84223
84225
84230
84232
84233
84236
84239
84245
84246
84249
84251
84254
84255
84260
84263
84265
84268
84269
8427
84271
84275
84277
84285
84286
84288
84293
84302
84310
84312
84314
84316
84318
84319
84324
84327
84328
84329
84333
8436
8437
84433
84437
84440
84443
84444
84447
84448
84450
84455
84461
84464
84465
84498
84501
84502
84503
84516
84530
8455
84552
8456
84561
84614
84619
84626
84640
84641
84650
84660
84661
84665
84669
84671
84674
8468
84687
84698
84700
84706
84707
8473
84752
84759
84767
8477
84779
84807
84808
84811
84851
84866
84870
84896
84898
84900
84901
84902
84905
84912
84913
84916
84926
84928
84929
84936
84937
84939
84941
84951
84957
84968
85004
85007
85012
85019
85021
85027
8503
8518
85280
85285
85289
8529
85302
8531
85313
85316
85317
85318
85320
8533
85358
85363
85376
85377
85379
8539
85397
8540
85407
85413
85415
85416
85417
8543
85439
85444
85446
85452
85456
85465
8549
85509
8553
8555
8563
8565
8569
8572
8576
8614
8618
8631
8635
8637
8644
8647
8655
8660
8664
8668
8675
8689
8694
8701
8704
8712
87178
8729
8763
8767
8777
8796
8799
8811
8822
8826
8851
8863
8886
8888
8891
8908
8912
89122
8916
8941
89780
89790
89795
89797
89801
89822
89848
8985
89870
89882
89932
8996
9
90007
90019
9002
90025
90050
90060
90070
90113
90135
9015
90226
90268
90332
9034
90441
90527
90576
90592
90637
90665
90693
90701
90806
90826
9085
90865
90952
90990
9108
9110
91133
9118
9125
91304
9132
91369
91442
9152
91544
9158
91653
9166
91661
91663
91687
91694
9175
91782
9184
91875
91893
91937
9196
91966
91977
91978
92002
92017
9203
9205
92086
9210
92105
92106
9211
9215
92170
9218
92196
92211
92241
92259
92283
9229
92292
92304
92312
92342
92344
92345
92346
9236
92370
92399
9241
9248
92482
925
92552
92558
9256
92565
92597
92667
92675
92745
92799
92806
9282
92840
9294
92949
9295
92960
93010
93035
93058
93081
9312
9314
9317
93185
9319
93190
9321
9329
9333
93343
9337
93377
93432
93436
9344
93474
9348
93487
93517
9360
93624
93627
9364
93649
93659
93664
9394
93973
93978
93979
93986
94005
94026
9403
94030
94039
94059
94081
94101
94115
94134
9414
9420
9426
9435
9443
9445
9481
9486
9495
9518
9520
9524
9530
9531
9532
9538
9540
9542
9543
9546
9552
9554
9555
9560
9569
9576
9583
9587
9617
963
9630
9631
9633
9641
9644
9651
9652
9653
9657
9666
9667
9672
9673
9678
9701
9710
9711
9717
9721
9725
9729
9741
9749
976
9761
9775
9790
9812
9827
9836
9843
9846
9849
9854
9856
9858
9859
9871
9879
9880
9889
9890
9894
9897
9925
9936
9938
9950
9962
9968
9993
