0050127
0050152
0050156
0050158
0050167
0050168
0050214
0050328
0050331
0050387
0050419
0050425
0050426
0050428
0050429
0050430
0050432
0050433
0050434
0050436
0050437
0050438
0050441
0050444
0050445
0050448
0050450
0050452
0050453
0050454
0050458
0050459
0050460
0050461
0050462
0050463
0050464
0050465
0050468
0050469
0050470
0050471
0050472
0050473
0050474
0050475
0050476
0050477
0050486
0050489
0050526
0050528
0050529
0050530
0050535
0050536
0050539
0050540
0050545
0050546
0050547
0050554
0050557
0050558
0050559
0050561
0050568
0050569
0050574
0050576
0050577
0050579
0050587
0050588
0050589
0050591
0050593
0050597
0050600
0050601
0050602
0050604
0050605
0050606
0050629
0050630
0050631
0050633
0050634
0050635
0050636
0050637
0050638
0050639
0050640
0050641
0050642
0050644
0050645
0050646
0050647
0050648
0050649
0050650
0050651
0050654
0050655
0050656
0050657
0050658
0050659
0050660
0050661
0050663
0050664
0050670
0050675
0050676
0050677
0050678
0050679
0050680
0050681
0050682
0050683
0050684
0050690
0050691
0050692
0050693
0050694
0050699
0050700
0050709
0050711
0050712
0050715
0050716
0050717
0050719
0050720
0050722
0050723
0050724
0050725
0050726
0050727
0050729
0050734
0050740
0050741
0050742
0050746
0050747
0050752
0050754
0050755
0050757
0050759
0050760
0050762
0050764
0050766
0050768
0050769
0050770
0050771
0050772
0050773
0050774
0050775
0050776
0050780
0050781
0050782
0050786
0050787
0050788
0050789
0050790
0050792
0050793
0050794
0050795
0050796
0050797
0050799
0050800
0050801
0050802
0050807
0050809
0050811
0050812
0050813
0050814
0050816
0050817
0050818
0050819
0050820
0050831
0050833
0050834
0050841
0050848
0050854
0050857
0050858
0050865
0050873
0050877
0050879
0050880
0050881
0050882
0050883
0050884
0050885
0050886
0050887
0050889
0050902
0050908
0050909
0050941
0050942
0050943
0050944
0050945
0050946
0050947
0050948
0050949
0050954
0050955
0050956
0050958
0050959
0050960
0050961
0050962
0050963
0050964
0050965
0050967
0050968
0050969
0050970
0050971
0050972
0050973
0050974
0050975
0050976
0050977
0050978
0050979
0050980
0050981
0050982
0050983
0050984
0050985
0050986
0050989
0050990
0050991
0050992
0050993
0050994
0050995
0050996
0050997
0050998
0050999
0060008
0060009
0060010
0060013
0060019
0060020
0060021
0060022
0060023
0060025
0060027
0060055
0060058
0060060
0060061
0060062
0060063
0060065
0060066
0060067
0060161
0060162
0060165
0060168
0060169
0060170
0060173
0060174
0060175
0060179
0060185
0060192
0060193
0060194
0060196
0060197
0060198
0060200
0060201
0060202
0060203
0060205
0060206
0060207
0060208
0060210
0060211
0060212
0060213
0060214
0060215
0060222
0060224
0060226
0060227
0060228
0060229
0060230
0060231
0060232
0060233
0060234
0060235
0060236
0060239
0060240
0060241
0060242
0060243
0060244
0060245
0060246
0060247
0060248
0060252
0060253
0060254
0060255
0060256
0060257
0060258
0060259
0060261
0060262
0060263
0060265
0060266
0060267
0060268
0060270
0060271
0060272
0060273
0060274
0060275
0060276
0060277
0060278
0060279
0060280
0060281
0060282
0060283
0060284
0060285
0060286
0060287
0060288
0060289
0060290
0060291
0060292
0060293
0060295
0060296
0060297
0060298
0060299
0060300
0060301
0060302
0060303
0060304
0060305
0060308
0060316
0060318
0060319
0060327
0060330
0060331
0060332
0060333
0060334
0060337
0060339
0060341
0060342
0060346
0060347
0060348
0060349
0060350
0060351
0060352
0060353
0060354
0060355
0060356
0060357
0060358
0060359
0060360
0060362
0060363
0060364
0060365
0060366
0060367
0060368
0060369
0060371
0060372
0060373
0060374
0060375
0060376
0060378
0060380
0060381
0060382
0060383
0060384
0060385
0060386
0060387
0060389
0060390
0060391
0060392
0060393
0060394
0060395
0060396
0060397
0060399
0060400
0060401
0060402
0060403
0060404
0060405
0060406
0060407
0060408
0060409
0060410
0060411
0060412
0060415
0060417
0060418
0060419
0060420
0060421
0060422
0060423
0060425
0060428
0060431
0060433
0060435
0060436
0060437
0060438
0060439
0060444
0060445
0060446
0060447
0060448
0060449
0060450
0060451
0060452
0060453
0060454
0060455
0060456
0060458
0060459
0060460
0060461
0060462
0060464
0060465
0060466
0060467
0060468
0060469
0060472
0060473
0060474
0060475
0060476
0060479
0060480
0060481
0060482
0060483
0060484
0060485
0060486
0060488
0060490
0060491
0060535
0060536
0060537
0060538
0060539
0060540
0060541
0060542
0060543
0060544
0060545
0060546
0060547
0060549
0060550
0060551
0060556
0060557
0060559
0060560
0060563
0060566
0060569
0060571
0060572
0060573
0060574
0060575
0060576
0060577
0060578
0060580
0060581
0060582
0060583
0060584
0060585
0060586
0060587
0060588
0060589
0060590
0060591
0060599
0060601
0060602
0060603
0060604
0060608
0060609
0060610
0060612
0060613
0060614
0060638
0060639
0060640
0060641
0060642
0060643
0060644
0060645
0060647
0060649
0060650
0060651
0060652
0060656
0060668
0060670
0060671
0060672
0060673
0060675
0060676
0060677
0060678
0060679
0060680
0060682
0060683
0060684
0060685
0060686
0060688
0060689
0060690
0060691
0060692
0060693
0060694
0060696
0060697
0060698
0060700
0060701
0060702
0060703
0060705
0060706
0060707
0060708
0060710
0060711
0060712
0060713
0060714
0060715
0060716
0060717
0060718
0060719
0060720
0060728
0060730
0060731
0060732
0060733
0060735
0060736
0060737
0060738
0060739
0060740
0060741
0060742
0060743
0060744
0060745
0060746
0060747
0060748
0060749
0060750
0060751
0060752
0060753
0060754
0060755
0060756
0060757
0060758
0060759
0060760
0060761
0060762
0060763
0060764
0060765
0060766
0060767
0060768
0060769
0060771
0060772
0060773
0060775
0060776
0060777
0060778
0060779
0060780
0060781
0060783
0060784
0060785
0060787
0060788
0060789
0060790
0060791
0060792
0060793
0060794
0060795
0060796
0060797
0060798
0060799
0060800
0060801
0060802
0060803
0060804
0060805
0060806
0060807
0060808
0060809
0060810
0060812
0060813
0060814
0060815
0060816
0060817
0060818
0060819
0060820
0060821
0060822
0060823
0060824
0060825
0060826
0060827
0060828
0060830
0060832
0060833
0060834
0060835
0060837
0060838
0060839
0060840
0060841
0060842
0060843
0060844
0060847
0060848
0060849
0060850
0060851
0060852
0060853
0060854
0060855
0060856
0060857
0060858
0060861
0060862
0060864
0060865
0060866
0060867
0060868
0060869
0060870
0060871
0060872
0060873
0060874
0060875
0060877
0060878
0060880
0060881
0060883
0060884
0060885
0060886
0060887
0060888
0060889
0060891
0060892
0060895
0060896
0060897
0060898
0060900
0060901
0060902
0060911
0070000
0070002
0070005
0070006
0070007
0070008
0070009
0070010
0070011
0070012
0070013
0070014
0070015
0070016
0070017
0070018
0070019
0070022
0070023
0070024
0070025
0070026
0070027
0070028
0070029
0070030
0070031
0070032
0070034
0070035
0070036
0070037
0070038
0070039
0070040
0070041
0070042
0070043
0070044
0070045
0070046
0070047
0070048
0070049
0070050
0070051
0070052
0070053
0070054
0070055
0070056
0070057
0070058
0070059
0070060
0070061
0070062
0070063
0070064
0070065
0070066
0070067
0070068
0070069
0070070
0070071
0070072
0070073
0070074
0070077
0070079
0070080
0070086
0070091
0070094
0070095
0070096
0070097
0070098
0070099
0070100
0070111
0070112
0070113
0070114
0070115
0070116
0070117
0070118
0070119
0070120
0070122
0070123
0070124
0070125
0070126
0070128
0070129
0070130
0070131
0070132
0070133
0070134
0070135
0070136
0070137
0070138
0070139
0070140
0070145
0070146
0070147
0070148
0070149
0070150
0070151
0070152
0070153
0070154
0070155
0070156
0070157
0070158
0070159
0070160
0070163
0070164
0070165
0070166
0070167
0070168
0070169
0070170
0070172
0070173
0070174
0070176
0070177
0070178
0070179
0070180
0070181
0070182
0070183
0070184
0070185
0070187
0070188
0070189
0070190
0070191
0070192
0070193
0070194
0070195
0070196
0070197
0070199
0070201
0070202
0070203
0070204
0070205
0070206
0070207
0070208
0070209
0070210
0070211
0070213
0070214
0070215
0070216
0070217
0070218
0070219
0070220
0070222
0070223
0070224
0070225
0070226
0070228
0070229
0070231
0070232
0070233
0070234
0070235
0070236
0070237
0070238
0070239
0070240
0070241
0070242
0070243
0070244
0070245
0070246
0070247
0070248
0070249
0070250
0070251
0070252
0070253
0070254
0070255
0070256
0070257
0070258
0070259
0070260
0070261
0070262
0070263
0070264
0070265
0070266
0070267
0070268
0070269
0070270
0070271
0070272
0070273
0070274
0070275
0070276
0070277
0070278
0070279
0070280
0070281
0070282
0070283
0070284
0070285
0070286
0070287
0070288
0070289
0070290
0070291
0070292
0070293
0070294
0070295
0070298
0070299
0070300
0070301
0070302
0070303
0070304
0070307
0070308
0070316
0070331
0070332
0080019
0080020
0080021
0080026
0080028
0080029
0080030
0080032
0080033
0080036
0080037
0080038
0080039
0080041
0080042
0080045
0080046
0080047
0080050
0080051
0080052
0080053
0080054
0080055
0080056
0080057
0080058
0080059
0080060
0080061
0080062
0080063
0080064
0080065
0080066
0080067
0080068
0080070
0080071
0080072
0080074
0080075
0080076
0080077
0080078
0080079
0080080
0080081
0080082
0080083
0080084
0080085
0080087
0080088
0080089
0080090
0080091
0080092
0080093
0080094
0080095
0080096
0080097
0080098
0080100
0080101
0080102
0080103
0080105
0080106
0080107
0080108
0080109
0080110
0080111
0080112
0080113
0080114
0080115
0080116
0080117
0080118
0080119
0080120
0080121
0080122
0080123
0080124
0080125
0080126
0080127
0080128
0080129
0080130
0080131
0080132
0080133
0080134
0080135
0080136
0080137
0080138
0080139
0080140
0080141
0080142
0080143
0080150
0080153
0080154
0080155
0080156
0080158
0080159
0080160
0080161
0080163
0080169
0080170
0080171
0080172
0080173
0080174
0080175
0080176
0080181
0080194
0080195
0080196
0080197
0080201
0080206
0080207
0080208
0080209
0080212
0080213
0080214
0080215
0080216
0080217
0080218
0080219
0080220
0080221
0080222
0080223
0080224
0080225
0080226
0080227
0080228
0080230
0080231
0080232
0080233
0080234
0080235
0080236
0080237
0080238
0080239
0080240
0080241
0080242
0080243
0080244
0080245
0080246
0080247
0080248
0080249
0080250
0080251
0080252
0080253
0080254
0080255
0080256
0080257
0080258
0080259
0080260
0080264
0080265
0080266
0080268
0080269
0080270
0080271
0080272
0080273
0080274
0080275
0080277
0080278
0080279
0080280
0080281
0080282
0080283
0080284
0080285
0080286
0080287
0080288
0080290
0080291
0080292
0080293
0080294
0080295
0080296
0080297
0080308
0080309
0080311
0080312
0080313
0080314
0080316
0080317
0080318
0080319
0080324
0080325
0080327
0080328
0080329
0080330
0080331
0080333
0080334
0080335
0080337
0080338
0080339
0080342
0080343
0080345
0080346
0080348
0080349
0080350
0080351
0080352
0080353
0080354
0080357
0080358
0080359
0080360
0080361
0080362
0080363
0080376
0080379
0080380
0080382
0080383
0080384
0080385
0080387
0080388
0080389
0080390
0080391
0080392
0080393
0080394
0080395
0080397
0080399
0080403
0080404
0080408
0080409
0080410
0080411
0080412
0080413
0080414
0080415
0080416
0080417
0080418
0080419
0080420
0080421
0080422
0080424
0080425
0080426
0080427
0080428
0080429
0080430
0080431
0080432
0080433
0080434
0080435
0080436
0080437
0080438
0080439
0080440
0080441
0080442
0080443
0080444
0080445
0080446
0080447
0080448
0080449
0080450
0080451
0080452
0080453
0080454
0080455
0080456
0080457
0080458
0080459
0080460
0080461
0080462
0080463
0080464
0080465
0080467
0080468
0080470
0080471
0080472
0080473
0080474
0080475
0080476
0080477
0080478
0080479
0080480
0080481
0080482
0080483
0080484
0080485
0080486
0080487
0080489
0080490
0080491
0080493
0080494
0080495
0080496
0080497
0080498
0080499
0080500
0080501
0080502
0080504
0080505
0080506
0080507
0080508
0080509
0080510
0080511
0080512
0080513
0080514
0080515
0080516
0080517
0080518
0080519
0080520
0080523
0080526
0080527
0080528
0080530
0080533
0080536
0080537
0080538
0080539
0080540
0080542
0080543
0080548
0080550
0080551
0080552
0080553
0080554
0080555
0080556
0080557
0080558
0080559
0080560
0080561
0080562
0080563
0080564
0080565
0080566
0080567
0080568
0080569
0080570
0080571
0080572
0080573
0080574
0080575
0080576
0080579
0080580
0080582
0080583
0080584
0080585
0080586
0080587
0080588
0090002
0090003
0090004
0090005
0090006
0090008
0090009
0090010
0090011
0090012
0090013
0090014
0090015
0090016
0090017
0090018
0090019
0090021
0090023
0090024
0090025
0090027
0090028
0090029
0090030
0090031
0090032
0090034
0090035
0090036
0090037
0090038
0090039
0090040
0090041
0090042
0090043
0090044
0090045
0090046
0090047
0090048
0090049
0090050
0090051
0090052
0090053
0090054
0090055
0090056
0090057
0090058
0090059
0090060
0090062
0090063
0090064
0090065
0090066
0090067
0090068
0090069
0090070
0090071
0090072
0090073
0090074
0090075
0090076
0090077
0090078
0090079
0090080
0090081
0090082
0090083
0090084
0090085
0090086
0090087
0090088
0090089
0090090
0090091
0090092
0090093
0090094
0090100
0090101
0090102
0090103
0090104
0090105
0090106
0090107
0090108
0090110
0090111
0090112
0090113
0090114
0090115
0090116
0090117
0090118
0090119
0090120
0090122
0090123
0090124
0090125
0090126
0090127
0090128
0090129
0090130
0090132
0090133
0090134
0090135
0090136
0090137
0090138
0090140
0090141
0090142
0090143
0090144
0090145
0110000
0110001
0110002
0110003
0110004
0110005
0110006
0110007
0110008
0110009
0110010
0110011
0110012
0110013
0110014
0110015
0110016
0110017
0110018
0110023
0110025
0110029
0110030
0110031
0110032
0110033
0110034
0110035
0110037
0110038
0110039
0110040
0110041
0110042
0110043
0110044
0110045
0110046
0110047
0110048
0110052
0110053
0110054
0110055
0110057
0110058
0110059
0110060
0110061
0110062
0110063
0110064
0110065
0110066
0110067
0110068
0110069
0110070
0110071
0110072
0110073
0110074
0110076
0110077
0110078
0110079
0110080
0110081
0110082
0110083
0110085
0110086
0110087
0110088
0110089
0110090
0110091
0110092
0110093
0110094
0110095
0110096
0110097
0110106
0110107
0110110
0110111
0110112
0110114
0110115
0110116
0110117
0110118
0110119
0110120
0110121
0110122
0110123
0110124
0110125
0110126
0110127
0110128
0110129
0110130
0110131
0110132
0110133
0110134
0110135
0110136
0110137
0110138
0110139
0110140
0110141
0110142
0110143
0110144
0110145
0110146
0110147
0110148
0110149
0110150
0110151
0110152
0110153
0110154
0110155
0110156
0110157
0110158
0110159
0110160
0110161
0110162
0110163
0110164
0110165
0110166
0110167
0110168
0110169
0110170
0110171
0110173
0110174
0110175
0110176
0110177
0110178
0110179
0110180
0110181
0110182
0110183
0110184
0110185
0110186
0110187
0110188
0110189
0110190
0110191
0110192
0110193
0110194
0110195
0110196
0110197
0110198
0110199
0110200
0110201
0110202
0110203
0110204
0110205
0110206
0110207
0110208
0110209
0110210
0110211
0110212
0110213
0110214
0110216
0110218
0110223
0110224
0110226
0110227
0110228
0110229
0110231
0110232
0110234
0110235
0110236
0110237
0110238
0110239
0110240
0110241
0110242
0110243
0110245
0110247
0110248
0110249
0110250
0110251
0110252
0110253
0110255
0110256
0110258
0110259
0110260
0110261
0110263
0110264
0110265
0110266
0110267
0110268
0110269
0110270
0110272
0110275
0110276
0110277
0110278
0110279
0110280
0110281
0110282
0110283
0110284
0110285
0110287
0110288
0110289
0110290
0110291
0110292
0110293
0110294
0110295
0110296
0110297
0110298
0110299
0110303
0110304
0110305
0110306
0110307
0110308
0110309
0110310
0110311
0110312
0110313
0110314
0110315
0110316
0110317
0110318
0110319
0110320
0110321
0110322
0110323
0110324
0110326
0110327
0110328
0110329
0110330
0110332
0110333
0110334
0110335
0110336
0110337
0110338
0110339
0110340
0110341
0110342
0110344
0110345
0110346
0110347
0110348
0110349
0110350
0110351
0110352
0110353
0110354
0110356
0110357
0110358
0110359
0110360
0110361
0110362
0110363
0110364
0110366
0110367
0110368
0110371
0110372
0110373
0110374
0110375
0110376
0110378
0110379
0110380
0110382
0110383
0110384
0110385
0110386
0110387
0110388
0110389
0110390
0110391
0110392
0110393
0110394
0110395
0110396
0110397
0110398
0110399
0110401
0110402
0110403
0110404
0110405
0110407
0110408
0110409
0110410
0110411
0110412
0110413
0110414
0110415
0110416
0110418
0110419
0110420
0110421
0110422
0110423
0110424
0110425
0110426
0110427
0110428
0110432
0110433
0110435
0110438
0110439
0110440
0110441
0110443
0110444
0110445
0110447
0110448
0110450
0110453
0110454
0110455
0110456
0110457
0110459
0110460
0110461
0110462
0110463
0110464
0110465
0110467
0110468
0110469
0110471
0110472
0110474
0110475
0110476
0110477
0110478
0110480
0110481
0110482
0110483
0110484
0110485
0110486
0110487
0110488
0110489
0110490
0110491
0110492
0110494
0110495
0110496
0110497
0110498
0110499
0110500
0110501
0110505
0110506
0110507
0110509
0110511
0110512
0110514
0110515
0110516
0110517
0110519
0110521
0110523
0110524
0110525
0110526
0110527
0110529
0110530
0110532
0110533
0110534
0110535
0110536
0110537
0110538
0110540
0110541
0110542
0110543
0110544
0110545
0110546
0110547
0110548
0110549
0110550
0110551
0110552
0110553
0110554
0110555
0110557
0110558
0110559
0110561
0110562
0110563
0110564
0110565
0110567
0110568
0110572
0110573
0110574
0110575
0110576
0110577
0110578
0110580
0110581
0110582
0110584
0110585
0110586
0110587
0110591
0110592
0110593
0110594
0110595
0110596
0110597
0110598
0110599
0110600
0110602
0110603
0110604
0110605
0110606
0110607
0110608
0110609
0110610
0110611
0110612
0110613
0110615
0110617
0110618
0110619
0110620
0110621
0110622
0110623
0110624
0110625
0110626
0110627
0110628
0110629
0110630
0110631
0110632
0110633
0110634
0110635
0110636
0110637
0110638
0110639
0110640
0110644
0110645
0110646
0110647
0110648
0110650
0110651
0110652
0110653
0110654
0110655
0110656
0110657
0110658
0110659
0110660
0110661
0110662
0110663
0110664
0110665
0110666
0110667
0110668
0110669
0110670
0110671
0110672
0110673
0110674
0110675
0110676
0110677
0110678
0110679
0110680
0110681
0110682
0110683
0110698
0110699
0110700
0110701
0110702
0110703
0110704
0110705
0110707
0110708
0110709
0110710
0110711
0110712
0110713
0110714
0110715
0110716
0110717
0110718
0110719
0110720
0110721
0110722
0110723
0110724
0110725
0110726
0110727
0110728
0110729
0110730
0110731
0110732
0110733
0110735
0110736
0110737
0110738
0110739
0110740
0110741
0110742
0110743
0110744
0110745
0110746
0110747
0110748
0110749
0110750
0110751
0110752
0110753
0110754
0110755
0110756
0110757
0110758
0110759
0110760
0110761
0110763
0110764
0110765
0110766
0110767
0110768
0110769
0110770
0110771
0110772
0110773
0110774
0110775
0110776
0110777
0110778
0110779
0110780
0110781
0110782
0110783
0110784
0110785
0110786
0110787
0110788
0110789
0110790
0110791
0110792
0110793
0110794
0110795
0110796
0110797
0110798
0110799
0110800
0110801
0110802
0110803
0110804
0110805
0110806
0110807
0110808
0110809
0110810
0110811
0110812
0110813
0110814
0110815
0110816
0110817
0110818
0110819
0110820
0110822
0110823
0110824
0110825
0110826
0110830
0110831
0110832
0110833
0110834
0110836
0110837
0110838
0110839
0110840
0110841
0110842
0110843
0110844
0110845
0110846
0110847
0110848
0110849
0110850
0110851
0110852
0110853
0110854
0110855
0110856
0110857
0110858
0110859
0110860
0110861
0110862
0110863
0110864
0110865
0110866
0110867
0110868
0110869
0110870
0110871
0110872
0110873
0110875
0110876
0110877
0110878
0110880
0110881
0110890
0110891
0110892
0110893
0110894
0110899
0110906
0110909
0110910
0110912
0110913
0110914
0110915
0110916
0110917
0110918
0110919
0110921
0110922
0110924
0110926
0110927
0110928
0110929
0110930
0110931
0110932
0110933
0110934
0110935
0110936
0110937
0110938
0110939
0110940
0110941
0110942
0110943
0110944
0110946
0110947
0110948
0110949
0110950
0110952
0110953
0110954
0110955
0110956
0110957
0110958
0110959
0110960
0110961
0110962
0110963
0110964
0110965
0110966
0110967
0110968
0110969
0110970
0110971
0110972
0110973
0110974
0110975
0110976
0110977
0110979
0110980
0110981
0110982
0110983
0110984
0110985
0110986
0110987
0110988
0110989
0110990
0110991
0110992
0110993
0110994
0110995
0110996
0110997
0110998
0110999
0111000
0111001
0111002
0111003
0111004
0111005
0111006
0111007
0111008
0111009
0111010
0111011
0111012
0111013
0111014
0111016
0111017
0111018
0111020
0111021
0111022
0111023
0111024
0111025
0111026
0111027
0111028
0111029
0111030
0111031
0111032
0111033
0111035
0111036
0111037
0111038
0111039
0111040
0111041
0111042
0111043
0111044
0111045
0111046
0111047
0111048
0111049
0111050
0111051
0111052
0111054
0111055
0111056
0111057
0111058
0111059
0111060
0111061
0111062
0111063
0111064
0111065
0111066
0111067
0111068
0111069
0111070
0111071
0111072
0111074
0111075
0111076
0111077
0111078
0111079
0111080
0111081
0111082
0111083
0111084
0111085
0111087
0111088
0111089
0111090
0111091
0111092
0111093
0111094
0111095
0111096
0111098
0111099
0111100
0111101
0111102
0111103
0111104
0111105
0111106
0111109
0111110
0111111
0111112
0111113
0111114
0111115
0111117
0111118
0111119
0111120
0111121
0111122
0111123
0111124
0111125
0111126
0111127
0111128
0111129
0111130
0111131
0111132
0111133
0111134
0111135
0111136
0111137
0111138
0111140
0111144
0111149
0111150
0111154
0111155
0111156
0111158
0111160
0111161
0111162
0111163
0111164
0111166
0111167
0111168
0111169
0111170
0111180
0111181
0111182
0111183
0111185
0111186
0111187
0111188
0111189
0111190
0111191
0111192
0111193
0111194
0111195
0111196
0111200
0111201
0111202
0111204
0111205
0111207
0111208
0111209
0111210
0111211
0111213
0111214
0111215
0111218
0111219
0111220
0111221
0111222
0111223
0111224
0111225
0111226
0111227
0111228
0111230
0111231
0111232
0111233
0111234
0111235
0111236
0111237
0111238
0111239
0111240
0111241
0111242
0111243
0111244
0111245
0111246
0111247
0111248
0111249
0111251
0111252
0111253
0111254
0111255
0111256
0111257
0111258
0111259
0111260
0111261
0111262
0111263
0111264
0111265
0111266
0111268
0111269
0111270
0111271
0111272
0111273
0111274
0111275
0111276
0111277
0111278
0111281
0111286
0111292
0111293
0111294
0111295
0111298
0111301
0111302
0111303
0111305
0111306
0111307
0111308
0111309
0111310
0111312
0111313
0111315
0111316
0111318
0111321
0111323
0111324
0111325
0111328
0111329
0111330
0111331
0111332
0111333
0111334
0111335
0111336
0111337
0111338
0111339
0111340
0111341
0111342
0111343
0111344
0111345
0111346
0111347
0111348
0111349
0111350
0111351
0111352
0111353
0111354
0111355
0111356
100
10003
10016
10017
1002
10021
10027
1003
10035
10039
10095
10112
10113
10122
10126
10128
10138
10140
10154
10176
10223
1024
10283
10286
10293
10300
10310
10322
10354
10371
10383
10398
1040
10426
10440
10456
10459
10460
10487
10488
10493
10534
1056
10573
10581
10582
10587
10588
10591
1060
10604
10605
10609
10611
1062
10629
1063
1064
10652
1067
1068
1070
10718
10754
1076
10763
10772
10773
10783
10787
10808
10823
10824
10825
10865
10871
10873
10892
10908
10914
10915
10923
10933
1094
10966
10970
10974
1098
1099
11042
11044
11054
1107
11077
11079
11080
11100
11102
11104
11105
11119
11120
1115
11151
11156
1116
11164
11165
11168
11193
11198
11199
11202
11204
11211
11243
11247
11252
11256
11257
11262
11265
11328
11329
11330
11335
11353
11354
11355
11367
11383
11394
11396
114
11400
11405
11406
11459
11476
1148
11486
11503
11512
11514
11549
11555
1156
11569
11572
11573
11574
11577
11589
11599
11612
11615
11624
11633
11634
11656
11661
11665
11678
1168
11684
117
1171
11719
1172
11721
11722
11723
11725
11729
11755
11759
11819
11830
11832
11836
1184
11847
11870
11914
11934
11949
11963
11975
11983
11984
11996
12028
12029
12030
12053
1206
12098
12117
12118
12119
12120
12123
12129
12132
12134
12139
12143
12156
12169
12176
12177
12179
12185
12211
12217
12236
12241
12259
12270
12271
12305
12306
12308
12361
12365
12376
12384
12385
12387
12388
12449
12451
12466
1252
12531
12550
12557
12559
12574
12583
12603
12638
12642
12661
12662
12663
12678
12679
127
1270
12700
12704
12705
12707
12711
12714
12716
1273
12783
12785
12798
12799
12800
12801
12802
12803
12804
12837
12842
12849
12858
12859
1287
12894
12895
12918
12919
12929
12932
12934
12960
12961
12978
12995
13034
13042
13068
13072
13078
13087
13096
13099
13100
13117
13121
13137
13141
13146
13148
13166
13189
1319
13195
13198
13200
13206
13223
1324
13241
13250
13258
13269
13270
13271
13300
13317
13328
13336
13357
13366
13371
13372
13374
13375
1338
13381
13382
1339
13404
13413
1342
1343
13450
13477
13481
13482
13501
13507
13515
13543
13548
13550
13564
13580
13603
13608
13641
13656
13709
13714
13724
13725
13768
13774
13775
13778
1380
13809
13810
13819
13832
1386
13868
1387
1388
13884
13902
13909
1391
13910
13922
13924
13938
13941
13945
13949
13976
13994
14004
14026
1405
1406
14067
1407
14080
14095
14116
14118
1415
14175
14179
14188
14203
14218
14219
14221
14250
14261
14262
14264
14268
14269
14270
1428
14283
14289
14320
14323
14330
14365
1440
14415
1443
14445
14448
14451
14452
14453
14484
14498
14499
14500
14501
14504
14515
14525
1455
14557
1459
14654
14669
14670
14671
14679
14681
14683
14687
14692
14693
14694
14695
14699
1470
14701
14702
14705
14711
14720
14723
14725
14731
14735
14737
1474
14743
14744
14748
1475
14753
14755
14756
14757
14761
14762
14764
14766
14768
14773
14775
14778
14780
14789
14793
14796
14798
1485
1495
1498
1508
1540
1558
1563
1564
1572
1574
1586
1588
1595
1596
1612
162
1657
1678
1679
1686
169
17
1700
1702
1703
1724
1731
1733
1749
1757
1761
178
1781
1790
1824
1825
1826
1827
1837
1838
1856
1858
1883
1909
1919
1920
1921
1924
1926
1928
1929
1930
1932
1933
1936
1947
1949
1967
1974
2007
2012
2018
203
2030
204
2043
2055
2058
206
2065
2089
2095
2106
2120
2123
2129
2152
2154
2170
219
2211
2215
2216
2219
2223
2224
2226
2229
2231
2234
2235
2236
224
2247
2272
2273
2275
2280
2297
230
2312
2316
2321
2326
2339
2340
2348
2349
235
2351
2352
2373
2377
2378
2394
240
2431
2444
2449
2452
2457
2474
2476
2479
2485
2508
2512
2513
2526
2538
255
2559
2560
2565
2571
2582
2583
2590
2626
2671
2703
2717
2722
2723
2734
2736
2738
2739
2744
2746
2747
2748
2749
2750
2752
2754
277
2773
2775
2785
2786
2797
2800
2841
2842
2846
2848
285
2861
2862
2871
288
2883
289
2893
2907
2908
2913
2920
2926
2935
2951
2957
2960
2962
2964
2965
2977
2986
2987
2988
2998
3008
3012
305
3052
3055
3069
3070
3071
3078
308
3081
3083
3087
310
3112
3127
3132
3133
3138
3145
3149
3156
3159
318
3204
321
3210
3234
3240
3246
3247
326
3261
3263
327
3301
3309
331
3310
3312
3315
3319
332
3320
3323
3327
3329
3341
3343
3347
3369
3371
3376
3382
3385
3389
3393
3401
3413
3429
3459
3481
3482
3486
349
3490
350
3507
3526
3529
3534
3535
3571
3590
3612
3613
3614
3633
3649
3651
3652
3659
3669
3683
3687
37
3721
3755
3756
3762
3764
3770
3777
3783
379
3798
3803
3805
381
3827
384
3852
3878
3890
3892
3901
3908
3911
3928
3947
3948
3953
3962
3969
397
3973
3981
399
4007
401
4022
4028
4029
4051
4074
4131
4154
4157
417
418
4183
4184
419
4235
4239
4249
4252
4253
4257
4258
4297
4336
4346
4353
4362
4367
437
4372
4386
4398
4400
4404
4409
4423
4428
4440
4447
4448
445
4450
4451
446
4464
4465
4467
4471
4473
4480
4481
4483
4500
452
4534
4543
4562
4603
4624
4644
4648
4660
4674
4677
468
4724
4730
474
4751
4795
4798
4810
483
4840
4851
4890
4905
4960
4964
4971
4976
4977
4989
4990
4997
4998
50
5003
5041
5076
5077
5117
5162
5204
526
5264
5268
529
5325
533
5339
5362
5363
5374
5394
5408
5409
5418
5419
5425
5426
5453
5485
5501
5517
552
5520
5557
5572
560
5603
5614
5672
5684
5688
5702
5723
5733
5768
5806
5810
5812
5813
583
5842
5844
585
5854
5870
591
594
5998
6000
6039
612
6126
6132
6193
6225
6245
6255
626
628
631
633
635
6364
6406
6419
6420
6432
6496
6498
6543
6652
6678
6682
6683
6686
6688
6691
6713
6726
676
678
679
6811
684
6945
699
7004
7005
7007
7008
701
705
707
713
7147
7148
7166
718
7188
7400
7426
7427
743
7457
7474
750
7551
758
768
769
7693
7725
799
7997
7998
813
8158
8200
824
83
8337
8354
84
841
8411
8432
8442
8446
8455
8457
8461
8463
8469
8472
8478
848
850
8503
8504
8505
853
8534
8536
8538
8543
8545
8549
8552
8553
856
8566
8567
8574
8577
8584
859
8596
8616
8628
8632
8651
8654
8675
8689
8691
8704
8712
874
8741
8757
8778
8857
8864
8866
8881
8886
8893
891
8913
8923
8924
893
8941
8943
8947
8970
8986
8997
9007
9008
9060
9065
9074
9080
9088
9111
9119
9120
9146
9155
9164
9169
9181
9182
9201
9206
9212
9220
9240
9245
9248
9249
9250
9253
9254
9255
9256
9261
9263
9266
9267
9268
9269
9270
9271
9273
9274
9275
9277
9278
9280
9281
9282
9351
9352
9360
9368
9406
9408
9410
9415
9428
9432
9446
9452
9455
9460
9463
9467
9470
9471
9476
9477
9487
9498
950
9503
9521
9534
9538
9563
9620
9631
9649
9663
9672
9673
9675
970
971
9741
9743
9744
9746
9778
9784
980
9808
9821
9822
9827
9840
9848
9849
9854
986
9861
9869
987
9870
988
9883
9884
990
9931
9938
9952
9955
9965
9970
9976
9988
999
9993
